01  (8,123)  (8,75)  (103,124)  (56,28)  (104,28)  (104,76)  (6,27)  (55,171)  (7,171)  (151,124)  (151,172)  (103,172)  (152,-16)  (152,32)  (56,76) 
02  (259,102)  (259,54)  (354,103)  (307,7)  (355,7)  (355,55)  (257,6)  (402,103)  (403,-16)  (403,32)  (307,55) 
03  (551,96)  (551,48)  (646,97)  (599,1)  (647,1)  (647,49)  (549,0)  (598,144)  (550,144)  (503,96)  (503,48)  (694,97)  (694,145)  (646,145)  (502,145)  (695,-16)  (695,32)  (501,0)  (599,49) 
04  (770,118)  (770,70)  (865,119)  (818,23)  (866,23)  (866,71)  (768,22)  (913,119)  (818,71) 
05  (788,343)  (788,295)  (868,344)  (836,248)  (884,248)  (884,296)  (786,247)  (820,391)  (772,391)  (834,200)  (882,200)  (767,199)  (836,296) 
06  (575,340)  (575,292)  (670,341)  (623,245)  (671,245)  (671,293)  (573,244)  (527,324)  (718,341)  (718,389)  (719,219)  (719,267)  (623,293) 
07  (311,252)  (311,204)  (406,263)  (407,174)  (263,253)  (263,205)  (454,222)  (454,270)  (461,318)  (359,215) 
08  (31,346)  (31,298)  (126,347)  (79,251)  (127,251)  (127,299)  (29,250)  (175,219)  (175,267)  (175,315)  (79,299) 
09  (-4,568)  (-4,520)  (91,569)  (44,473)  (92,473)  (92,521)  (-6,472)  (43,616)  (-5,616)  (42,425)  (90,425)  (138,425)  (140,473)  (-8,424)  (44,521) 
Banasa  (214,1725)  (214,1677)  (309,1726)  (262,1630)  (310,1630)  (310,1678)  (212,1629)  (261,1773)  (213,1773)  (166,1725)  (166,1677)  (357,1726)  (351,1774)  (260,1582)  (308,1582)  (358,1583)  (358,1631)  (262,1678) 
Valentia  (764,1002)  (764,954)  (859,1027)  (812,931)  (860,937)  (716,1001)  (895,1075)  (847,1075)  (812,979) 
Salapia  (2279,766)  (2375,822)  (2245,718)  (2423,825)  (2197,708)  (2292,718)  (2249,670)  (2327,799) 
Rhodos  (3449,1291) 
Nicopolis  (3070,619)  (3070,571)  (3118,535)  (3166,535)  (3166,583)  (3057,523)  (3214,511)  (3214,579)  (3009,517)  (3118,583) 
Syracuse  (2273,1413)  (2273,1365)  (2321,1363)  (2369,1363)  (2369,1411)  (2225,1376)  (2321,1411) 
Paraetonium  (3142,1959)  (3142,1911)  (3237,1960)  (3190,1864)  (3238,1864)  (3238,1912)  (3140,1863)  (3189,2007)  (3141,2007)  (3281,2008)  (3188,1816)  (3236,1816)  (3092,1880)  (3122,1815)  (3190,1912) 
Alesia  (1271,61)  (1271,13)  (1366,62)  (1367,-16)  (1223,74)  (1223,26)  (1414,32)  (1415,-16)  (1462,32)  (1463,-16)  (1319,14) 
Sarmizegetusa  (3197,241)  (3197,193)  (3292,242)  (3245,146)  (3293,147)  (3149,272)  (3340,195)  (3234,98)  (3245,194) 
10  (-7,767)  (-8,671)  (40,671)  (-7,876)  (27,924)  (13,719) 
11  (25,1206)  (25,1158)  (120,1207)  (121,1130)  (23,1110)  (168,1178)  (168,1226)  (73,1159) 
12  (53,1441)  (53,1393)  (148,1442)  (101,1346)  (149,1346)  (149,1394)  (51,1345)  (100,1489)  (52,1489)  (5,1441)  (5,1393)  (196,1442)  (196,1490)  (148,1490)  (4,1490)  (99,1298)  (147,1298)  (195,1298)  (197,1346)  (197,1394)  (3,1345)  (3,1297)  (51,1297)  (100,1537)  (52,1537)  (191,1538)  (4,1538)  (245,1312)  (245,1360)  (101,1394) 
13  (-7,1719)  (-7,1671)  (88,1720)  (41,1624)  (89,1624)  (89,1672)  (-8,1623)  (40,1767)  (-8,1767)  (125,1768)  (137,1596)  (41,1672) 
14  (446,1386)  (446,1338)  (541,1387)  (494,1291)  (542,1291)  (542,1339)  (398,1332)  (494,1339) 
15  (694,1333)  (752,1249)  (790,1297)  (800,1239)  (647,1381)  (646,1333)  (742,1297) 
16  (898,1255)  (898,1207)  (993,1256)  (946,1160)  (994,1160)  (994,1208)  (896,1159)  (944,1112)  (992,1112)  (941,1064)  (989,1064)  (946,1208) 
17  (1015,969)  (1015,921)  (1064,970)  (1063,874)  (1111,874)  (967,1011)  (967,963)  (1159,836)  (1159,884)  (1063,922) 
18  (1249,931)  (1338,970)  (1286,874)  (1334,874)  (1290,979)  (1221,837)  (1269,826)  (1317,826)  (1282,778)  (1330,778)  (1297,922) 
Lauriacum  (2329,105)  (2329,57)  (2416,106)  (2377,10)  (2425,10)  (2425,58)  (2327,9)  (2281,112)  (2281,64)  (2473,-15)  (2279,16)  (2231,36)  (2231,-12)  (2183,18)  (2377,58) 
19  (1349,720)  (1349,672)  (1444,721)  (1397,625)  (1445,625)  (1445,673)  (1397,673) 
Heraclea Pontica  (3736,714)  (3736,666)  (3811,715)  (3784,619)  (3832,619)  (3832,667)  (3736,618)  (3784,667) 
Massilia  (1556,574)  (1556,526)  (1651,575)  (1604,479)  (1652,481)  (1554,478)  (1508,594)  (1508,546)  (1460,560)  (1604,527) 
Acci  (479,1242)  (479,1194)  (575,1173)  (575,1221)  (471,1146)  (623,1172)  (623,1220)  (671,1195)  (671,1243)  (527,1201) 
Pella  (2896,701)  (2991,776)  (2943,776)  (2944,680)  (2868,653)  (2943,824)  (2916,632)  (2964,632)  (2944,728) 
Halicarnassus  (3557,1179)  (3557,1131)  (3632,1189)  (3616,1093)  (3653,1141)  (3664,1082)  (3509,1177)  (3712,1065)  (3712,1113)  (3605,1141) 
20  (1531,727)  (1531,679)  (1626,728)  (1627,648)  (1674,696)  (1675,626)  (1579,680) 
21  (1896,667)  (1830,571)  (1782,567)  (1830,523)  (1855,619) 
22  (1408,955)  (1408,907)  (1503,956)  (1456,860)  (1504,860)  (1504,908)  (1406,859)  (1455,1003)  (1407,1003)  (1517,1004)  (1454,812)  (1502,812)  (1376,811)  (1456,908) 
23  (1556,961)  (1556,913)  (1651,962)  (1604,866)  (1652,901)  (1555,865)  (1652,837)  (1603,1009)  (1654,1010)  (1603,818)  (1555,817)  (1651,789)  (1604,914) 
Burdigala  (1019,283)  (1019,235)  (1114,284)  (1067,188)  (1115,188)  (1115,236)  (971,281)  (1123,140)  (1163,188)  (1171,132)  (1219,120)  (1067,236) 
24  (1828,847)  (1923,859)  (1855,763)  (1903,763)  (1924,811)  (1876,811) 
25  (2058,857)  (2010,857)  (1973,761)  (1939,696)  (1934,648)  (2011,809) 
26  (1923,1028)  (1875,1028)  (1844,932)  (1892,932)  (1924,980)  (1876,980) 
27  (2008,999)  (2008,951)  (2103,1000)  (2056,904)  (2104,904)  (2104,952)  (2006,903)  (2056,952) 
28  (2180,1008)  (2180,960)  (2275,1009)  (2178,912)  (2323,994)  (2228,961) 
Namnetes  (971,81)  (971,33)  (1066,82)  (1019,-14)  (1067,-14)  (1067,34)  (969,-15)  (1018,129)  (970,129)  (923,44)  (1114,82)  (1115,-16)  (1115,32)  (921,-4)  (1019,34) 
29  (1087,1188)  (1087,1140)  (1182,1189)  (1135,1093)  (1183,1093)  (1183,1141)  (1085,1092)  (1134,1236)  (1086,1236)  (1230,1189)  (1187,1237)  (1231,1049)  (1231,1097)  (1135,1141) 
Palmyra  (4448,1575)  (4448,1527)  (4531,1576)  (4496,1480)  (4544,1480)  (4544,1528)  (4446,1479)  (4483,1623)  (4435,1623)  (4400,1575)  (4400,1527)  (4494,1432)  (4542,1432)  (4590,1432)  (4592,1480)  (4387,1636)  (4352,1588)  (4526,1384)  (4574,1384)  (4496,1528) 
Barcino  (1135,789)  (1135,741)  (1198,790)  (1183,694)  (1231,708)  (1133,693)  (1087,770)  (1085,722)  (1085,674)  (1077,626)  (1183,742) 
Tarsus  (4036,1000)  (4036,952)  (4109,1003)  (4084,907)  (4132,907)  (4132,955)  (4098,1051)  (4080,859)  (4128,859)  (4180,869)  (4180,917)  (4180,965)  (4228,918)  (4228,966)  (4084,955) 
Cestra Regina  (1915,66)  (1915,18)  (2011,-16)  (2011,32)  (1867,39)  (1867,-9)  (2059,-16)  (2059,32)  (1819,39)  (1819,-9)  (2107,-16)  (2107,32)  (1771,42)  (1771,-6)  (1963,19) 
Sarai  (4840,108)  (4840,60)  (4935,109)  (4888,13)  (4936,13)  (4936,61)  (4838,12)  (4887,156)  (4792,100)  (4983,109)  (4983,157)  (4935,157)  (4984,-16)  (4984,32)  (4790,52)  (4790,4)  (5031,80)  (5031,128)  (5031,176)  (4983,205)  (4935,205)  (5032,-16)  (5032,32)  (4742,85)  (4742,37)  (4742,-11)  (5079,80)  (5079,128)  (4987,253)  (5080,-16)  (5080,32)  (4694,25)  (5127,80)  (5128,-16)  (5128,32)  (4646,21)  (5176,-16)  (5176,32)  (4598,8)  (5224,-16)  (5272,-16)  (5309,32)  (5320,-16)  (4888,61) 
Emesa  (4301,1332)  (4396,1378)  (4308,1282)  (4356,1282)  (4397,1330)  (4348,1380)  (4404,1275)  (4402,1426)  (4329,1234)  (4377,1227)  (4349,1330) 
Napoca  (2989,130)  (2989,82)  (3084,131)  (3037,35)  (3085,35)  (3085,83)  (2987,34)  (2941,154)  (2941,106)  (3132,131)  (3035,-13)  (3083,-13)  (3133,64)  (2939,58)  (2976,-14)  (2893,138)  (3037,83) 
Scallabis  (299,796)  (251,796)  (245,700)  (293,700)  (293,844)  (269,748) 
Mediolanum  (1754,376)  (1754,328)  (1802,281)  (1850,298)  (1850,346)  (1752,280)  (1706,407)  (1706,359)  (1802,329) 
Pergamum  (3394,940)  (3394,892)  (3489,941)  (3442,845)  (3490,845)  (3490,893)  (3346,922)  (3538,875)  (3442,893) 
Aleria  (1809,743)  (1761,743)  (1768,647)  (1792,695) 
Pharan  (3784,1883)  (3879,1952)  (3831,1952)  (3832,1856)  (3880,1856)  (3880,1904)  (3762,1835)  (3870,2000)  (3810,1808)  (3858,1808)  (3832,1904) 
Capsa  (1616,1780)  (1616,1732)  (1664,1688)  (1712,1694)  (1712,1742)  (1568,1780)  (1568,1732)  (1760,1700)  (1760,1748)  (1664,1736) 
30  (1334,1155)  (1334,1107)  (1429,1156)  (1382,1060)  (1430,1060)  (1430,1108)  (1332,1059)  (1381,1203)  (1333,1203)  (1460,1204)  (1382,1108) 
31  (1559,1171)  (1559,1123)  (1654,1172)  (1607,1076)  (1655,1076)  (1655,1124)  (1557,1075)  (1511,1218)  (1511,1170)  (1509,1122)  (1509,1074)  (1607,1124) 
Ecbatana  (5246,1453)  (5246,1405)  (5341,1454)  (5294,1358)  (5342,1358)  (5342,1406)  (5244,1357)  (5198,1460)  (5198,1412)  (5344,1502)  (5196,1364)  (5196,1316)  (5150,1449)  (5148,1401)  (5148,1353)  (5294,1406) 
32  (1808,1169)  (1808,1121)  (1903,1177)  (1904,1083)  (1760,1173)  (1760,1125)  (1856,1129) 
33  (1996,1158)  (1996,1110)  (2092,1065)  (2092,1113)  (2107,1161)  (1976,1206)  (1979,1254)  (2044,1111) 
Thenae  (1846,1753)  (1846,1705)  (1941,1754)  (1894,1658)  (1942,1658)  (1942,1706)  (1844,1657)  (1892,1610)  (1990,1643)  (1842,1609)  (1894,1706) 
34  (2206,1156)  (2206,1108)  (2301,1157)  (2254,1061)  (2302,1061)  (2302,1109)  (2204,1060)  (2349,1157)  (2350,1079)  (2254,1109) 
35  (2419,1166)  (2410,1118)  (2543,1311)  (2442,1350)  (2495,1354)  (2543,1359)  (2467,1211) 
Capua  (2345,945)  (2440,977)  (2441,914)  (2392,993)  (2488,969)  (2461,1025)  (2413,1041)  (2393,929) 
36  (1955,1435)  (1955,1387)  (2028,1436)  (2003,1340)  (2051,1340)  (2051,1388)  (1953,1339)  (2099,1363)  (2104,1411)  (2003,1388) 
37  (1948,1577)  (1948,1529)  (1996,1510)  (2044,1511)  (2044,1559)  (1900,1548)  (2092,1544)  (2092,1592)  (1996,1558) 
Teredon  (4925,2035)  (4925,1987)  (5020,2036)  (4973,1940)  (4973,1988) 
38  (2194,1533)  (2194,1485)  (2289,1534)  (2290,1467)  (2192,1437)  (2242,1486) 
39  (2233,1648)  (2233,1600)  (2328,1690)  (2281,1594)  (2329,1594)  (2329,1642)  (2185,1631)  (2369,1738)  (2321,1738)  (2281,1642) 
Cale  (211,630)  (211,582)  (259,535)  (307,535)  (307,583)  (209,534)  (163,623)  (355,528)  (161,575)  (259,583) 
Hippo Regius  (1436,1374)  (1436,1326)  (1531,1375)  (1484,1279)  (1532,1279)  (1532,1327)  (1434,1278)  (1388,1415)  (1388,1367)  (1579,1375)  (1580,1252)  (1580,1300)  (1386,1319)  (1386,1271)  (1340,1390)  (1627,1348)  (1628,1236)  (1628,1284)  (1338,1342)  (1484,1327) 
Delphi  (2951,1126)  (2951,1078)  (2999,1055)  (3047,1102)  (2999,1103) 
Tarraco  (935,828)  (935,780)  (994,829)  (997,733)  (1031,781)  (946,876)  (898,876)  (887,828)  (983,781) 
Caralis  (1718,1006)  (1718,958)  (1800,1007)  (1766,911)  (1716,910)  (1748,1054)  (1764,863)  (1766,959) 
Attalia  (3838,1107)  (3838,1059)  (3912,1108)  (3886,1012)  (3934,1012)  (3934,1060)  (3836,1011)  (3790,1138)  (3884,964)  (3932,964)  (3982,1020)  (3788,1055)  (3886,1060) 
Istropolis  (3359,331)  (3393,391)  (3407,295)  (3393,439)  (3345,471)  (3359,283)  (3455,298)  (3407,343) 
Susa  (5110,1629)  (5110,1581)  (5205,1630)  (5158,1534)  (5206,1534)  (5206,1582)  (5108,1533)  (5157,1677)  (5109,1677)  (5062,1629)  (5062,1581)  (5253,1630)  (5253,1678)  (5205,1678)  (5254,1535)  (5060,1533)  (5014,1583)  (5301,1583)  (5301,1631)  (5301,1679)  (5158,1582) 
Durostorum  (3007,406)  (3007,358)  (3102,443)  (3055,347)  (3103,347)  (3103,395)  (3054,454)  (2969,310)  (2959,373)  (2921,325)  (3055,395) 
40  (2396,1551)  (2396,1503)  (2491,1552)  (2444,1456)  (2492,1456)  (2492,1504)  (2539,1552)  (2540,1429)  (2540,1477)  (2444,1504) 
Tavium  (3931,832)  (3931,784)  (4026,833)  (3979,737)  (4027,737)  (4027,785)  (3929,736)  (3978,880)  (3883,806)  (4026,881)  (4075,715)  (4075,763)  (3881,758)  (4123,750)  (4131,798)  (3979,785) 
41  (2441,1734)  (2441,1686)  (2536,1735)  (2489,1639)  (2537,1639)  (2537,1687)  (2439,1638)  (2488,1782)  (2440,1782)  (2543,1783)  (2591,1784)  (2633,1832)  (2585,1832)  (2489,1687) 
42  (2590,1630)  (2590,1582)  (2685,1631)  (2638,1535)  (2686,1535)  (2686,1583)  (2588,1534)  (2633,1678)  (2585,1678)  (2619,1726)  (2638,1583) 
43  (2584,1452)  (2584,1404)  (2679,1453)  (2632,1357)  (2680,1357)  (2680,1405)  (2582,1356)  (2728,1328)  (2632,1405) 
Aelana  (4019,2036)  (4019,1988)  (4115,1967)  (4115,2015)  (3971,2036)  (3971,1988)  (4163,1948)  (4163,1996)  (4211,1960)  (4211,2008)  (4067,2012) 
44  (2623,1236)  (2623,1144)  (2714,1237)  (2671,1141)  (2584,1096)  (2666,1284)  (2618,1284)  (2714,1285)  (2632,1093)  (2671,1189) 
45  (2749,1021)  (2803,1087)  (2797,991)  (2851,1052)  (2755,1114)  (2903,1147)  (2797,1039) 
46  (2666,895)  (2666,847)  (2761,914)  (2714,818)  (2762,818)  (2762,866)  (2647,799)  (2695,770)  (2743,770)  (2714,866) 
Hispatis  (259,1117)  (354,1118)  (281,1022)  (329,1022)  (355,1070)  (377,1000)  (264,1165)  (211,1136)  (403,1092)  (307,1070) 
47  (2495,799)  (2495,751)  (2590,812)  (2543,716)  (2591,716)  (2591,764)  (2481,703)  (2542,847)  (2609,860)  (2529,668)  (2458,655)  (2543,764) 
48  (2291,635)  (2386,700)  (2339,604)  (2387,604)  (2387,652)  (2273,587)  (2420,748)  (2372,748)  (2339,652) 
49  (2188,506)  (2188,458)  (2283,515)  (2284,463)  (2179,410)  (2227,410)  (2331,511)  (2332,455)  (2215,362)  (2236,467) 
Augustoritum  (1201,373)  (1201,325)  (1296,374)  (1297,295)  (1199,277)  (1344,343)  (1344,391)  (1372,439)  (1249,326) 
Byzantium  (3332,769)  (3332,721)  (3428,700)  (3428,748)  (3476,752)  (3380,770)  (3363,673)  (3380,722) 
Vologesia  (4750,1879)  (4750,1831)  (4845,1880)  (4798,1784)  (4846,1823)  (4748,1783)  (4797,1927)  (4749,1927)  (4702,1879)  (4702,1831)  (4893,1922)  (4845,1928)  (4796,1736)  (4700,1783)  (4706,1735)  (4844,1718)  (4654,1876)  (4878,1976)  (4779,1688)  (4798,1832) 
Roma  (2198,854)  (2198,806)  (2293,872)  (2180,758)  (2150,822)  (2132,774)  (2084,782)  (2246,824) 
Logdunum  (1331,216)  (1331,168)  (1426,217)  (1379,121)  (1427,121)  (1427,169)  (1365,264)  (1283,246)  (1283,198)  (1283,150)  (1474,217)  (1475,90)  (1475,138)  (1522,186)  (1522,234)  (1379,169) 
Alexandria  (3391,1917)  (3391,1869)  (3486,1918)  (3439,1822)  (3487,1822)  (3487,1870)  (3343,1947)  (3343,1899)  (3343,1851)  (3439,1870) 
Azara  (4081,20)  (4177,-16)  (4033,48)  (4033,0)  (4225,-16)  (4264,32)  (3985,29)  (4273,-16)  (4312,32)  (4321,-16)  (4129,-16) 
50  (2788,1284)  (2788,1236)  (2883,1285)  (2836,1189)  (2884,1220)  (2786,1188)  (2931,1274)  (2932,1193)  (2836,1237) 
Corinth  (2989,1249)  (3085,1188)  (3037,1216) 
51  (2774,1461)  (2774,1413)  (2869,1462)  (2822,1366)  (2870,1366)  (2870,1414)  (2822,1414) 
52  (2809,1602)  (2809,1554)  (2857,1526)  (2905,1526)  (2905,1574)  (2915,1622)  (2857,1574) 
53  (2966,1473)  (2966,1425)  (3061,1474)  (3062,1404)  (2964,1377)  (2939,1329)  (3014,1426) 
Aquincum  (2767,126)  (2767,78)  (2834,127)  (2815,31)  (2863,31)  (2765,30)  (2786,174)  (2738,174)  (2911,-16)  (2690,203)  (2815,79) 
Phasis  (4355,441)  (4447,364)  (4451,412)  (4464,460)  (4495,363)  (4307,462)  (4499,411)  (4512,459)  (4547,384)  (4560,432)  (4560,480)  (4403,412) 
Apollonia  (2874,890)  (2823,794)  (2871,794)  (2822,746)  (2870,746)  (2848,842) 
Messana  (2327,1296)  (2327,1248)  (2408,1297)  (2279,1291)  (2279,1243)  (2423,1249)  (2375,1249) 
54  (2984,1648)  (2984,1600)  (3079,1649)  (3032,1553)  (2982,1552)  (3031,1696)  (3120,1697)  (3032,1601) 
55  (3181,1675)  (3181,1627)  (3269,1676)  (3229,1580)  (3179,1579)  (3221,1723)  (3173,1723)  (3269,1724)  (3131,1599)  (3131,1551)  (3229,1628) 
56  (3323,1695)  (3323,1647)  (3418,1696)  (3371,1600)  (3419,1600)  (3419,1648)  (3321,1599)  (3370,1743)  (3322,1743)  (3449,1744)  (3419,1552)  (3371,1648) 
57  (3521,1707)  (3521,1659)  (3616,1708)  (3569,1612)  (3617,1612)  (3617,1660)  (3519,1611)  (3569,1660) 
Senio  (2387,478)  (2482,538)  (2434,538)  (2435,442)  (2483,442)  (2483,490)  (2375,430)  (2530,538)  (2530,586)  (2482,586)  (2423,394)  (2531,471)  (2435,490) 
Elusa  (925,453)  (925,405)  (982,454)  (973,358)  (1021,358)  (1021,406)  (923,357)  (1069,353)  (973,406) 
58  (3700,1704)  (3700,1656)  (3795,1705)  (3748,1609)  (3796,1609)  (3796,1657)  (3698,1608)  (3747,1752)  (3839,1753)  (3748,1657) 
59  (3884,1639)  (3884,1591)  (3954,1640)  (3932,1544)  (3980,1544)  (3980,1592)  (3882,1543)  (3906,1687)  (4028,1521)  (3889,1735)  (3932,1592) 
Jerusalem  (3982,1726)  (4042,1631)  (3988,1774)  (3940,1774)  (4060,1583)  (3971,1822)  (3951,1870)  (3942,1918)  (4030,1679) 
Carthago  (1760,1329)  (1760,1281)  (1855,1330)  (1808,1234)  (1856,1268)  (1758,1233)  (1725,1377)  (1712,1329)  (1712,1281)  (1710,1233)  (1808,1282) 
Artaxata  (4627,677)  (4627,629)  (4722,692)  (4675,596)  (4723,596)  (4723,644)  (4611,581)  (4579,651)  (4770,692)  (4770,740)  (4722,740)  (4771,574)  (4771,622)  (4563,603)  (4563,555)  (4515,578)  (4675,644) 
Trapezus  (4279,610)  (4279,562)  (4374,611)  (4327,515)  (4375,515)  (4375,563)  (4278,514)  (4231,643)  (4231,595)  (4422,611)  (4423,500)  (4423,548)  (4470,611)  (4327,563) 
Castulo  (556,940)  (651,991)  (652,912)  (552,892)  (504,930)  (504,882)  (494,834)  (604,943) 
Cydonia  (3206,1512)  (3302,1499)  (3158,1498)  (3350,1500)  (3398,1495)  (3254,1495) 
60  (3899,1432)  (3899,1384)  (3994,1433)  (3947,1337)  (3995,1337)  (3995,1385)  (3946,1480)  (3898,1480)  (4032,1481)  (3947,1385) 
61  (3959,1186)  (4054,1255)  (4006,1255)  (4007,1159)  (4055,1180)  (3958,1261)  (3911,1199)  (3978,1111)  (4026,1111)  (4007,1207) 
62  (3715,1245)  (3715,1197)  (3811,1193)  (3688,1303)  (3690,1351)  (3840,1391)  (3739,1391)  (3792,1398)  (3763,1229) 
63  (3716,1521)  (3716,1473)  (3811,1522)  (3812,1436)  (3764,1474) 
64  (3547,1515)  (3547,1467)  (3642,1516)  (3595,1420)  (3643,1420)  (3643,1468)  (3545,1419)  (3499,1530)  (3499,1482)  (3497,1434)  (3595,1468) 
65  (3506,1333)  (3506,1285)  (3601,1334)  (3554,1238)  (3602,1244)  (3504,1237)  (3649,1292)  (3649,1340)  (3650,1242)  (3554,1286) 
66  (3322,1419)  (3322,1371)  (3417,1420)  (3370,1324)  (3418,1362)  (3320,1323)  (3368,1276)  (3310,1275)  (3370,1372) 
67  (3185,1407)  (3272,1408)  (3188,1312)  (3236,1312)  (3137,1427)  (3213,1264)  (3261,1264)  (3233,1360) 
68  (3275,1197)  (3275,1149)  (3373,1118)  (3408,1196)  (3323,1168) 
69  (3254,1091)  (3161,995)  (3256,1031)  (3154,947)  (3304,1030)  (3208,1043) 
Nicaea  (3566,822)  (3566,774)  (3634,850)  (3614,754)  (3662,754)  (3662,802)  (3545,726)  (3710,780)  (3614,802) 
Euphrates  (4546,1710)  (4546,1662)  (4641,1711)  (4594,1615)  (4642,1615)  (4642,1663)  (4593,1758)  (4545,1758)  (4498,1710)  (4646,1759)  (4631,1567)  (4690,1601)  (4690,1649)  (4598,1806)  (4738,1624)  (4594,1663) 
Tanais  (3712,12)  (3792,50)  (3808,-16)  (3664,16)  (3856,-16)  (3840,32)  (3616,-16)  (3760,2) 
Gades  (284,1267)  (380,1201)  (332,1268)  (332,1220) 
Pessinus  (3745,921)  (3745,873)  (3816,922)  (3793,826)  (3841,845)  (3864,893)  (3697,946)  (3697,898)  (3793,874) 
Bostra  (4102,1740)  (4102,1692)  (4191,1741)  (4198,1679)  (4246,1654)  (4292,1606)  (4294,1654)  (4150,1693) 
Patavium  (2045,400)  (2118,401)  (2103,305)  (2151,295)  (2070,448)  (2127,449)  (2119,247)  (2167,247)  (2199,295)  (2116,497)  (2266,364)  (2093,353) 
Palantia  (625,697)  (625,649)  (673,616)  (721,616)  (721,664)  (623,601)  (738,712)  (577,699)  (671,568)  (719,568)  (767,568)  (769,616)  (769,664)  (673,664) 
Corduba  (455,1057)  (454,1009)  (502,1009)  (550,1009)  (551,1057)  (555,1105)  (599,1038)  (603,1086)  (503,1057) 
70  (3246,961)  (3238,865)  (3286,865)  (3323,976)  (3269,913) 
71  (3443,658)  (3443,610)  (3504,686)  (3539,602)  (3552,650)  (3491,638) 
72  (3584,564)  (3584,516)  (3679,593)  (3680,509)  (3631,612)  (3536,564)  (3536,516)  (3728,509)  (3630,660)  (3488,564)  (3488,516)  (3440,564)  (3440,516)  (3632,545) 
73  (3475,448)  (3475,400)  (3570,449)  (3523,353)  (3523,401) 
74  (3491,251)  (3515,193)  (3563,193)  (3587,241)  (3611,183)  (3635,278)  (3539,241) 
75  (3620,456)  (3620,408)  (3715,457)  (3668,361)  (3716,361)  (3716,409)  (3618,360)  (3668,409) 
76  (3827,489)  (3827,441)  (3922,490)  (3923,398)  (3875,442) 
77  (4024,511)  (4024,463)  (4119,512)  (4120,434)  (4072,464) 
Salmantica  (371,814)  (371,766)  (433,815)  (419,719)  (467,719)  (467,767)  (369,718)  (385,862)  (337,862)  (417,671)  (433,893)  (385,910)  (337,910)  (419,767) 
78  (4244,455)  (4196,455)  (4193,359)  (4241,359)  (4224,503)  (4226,407) 
79  (4013,376)  (4013,328)  (4108,377)  (4061,281)  (4109,287)  (4011,280)  (3995,232)  (4061,329) 
Pax Julia  (92,1068)  (92,1020)  (187,1069)  (188,1006)  (44,1059)  (44,1011)  (140,1021) 
Babylon  (4888,1789)  (4983,1834)  (4893,1738)  (4941,1738)  (4984,1786)  (4935,1837)  (4989,1733)  (5031,1834)  (5032,1781)  (4994,1685)  (5047,1882)  (4936,1786) 
Antioch  (4114,1239)  (4114,1191)  (4209,1240)  (4162,1144)  (4210,1144)  (4210,1192)  (4112,1143)  (4161,1287)  (4257,1240)  (4227,1288)  (4160,1096)  (4208,1096)  (4256,1096)  (4258,1144)  (4258,1192)  (4146,1048)  (4194,1048)  (4242,1048)  (4162,1192) 
Theodesia  (3697,237)  (3697,189)  (3761,266)  (3793,201)  (3688,141)  (3649,236)  (3640,132)  (3850,192)  (3688,93)  (3745,218) 
80  (3839,333)  (3839,285)  (3934,334)  (3887,238)  (3935,238)  (3935,286)  (3791,360)  (3887,286) 
Seleucia  (4780,1585)  (4780,1537)  (4875,1610)  (4828,1514)  (4876,1521)  (4754,1489)  (4732,1562)  (4923,1579)  (4923,1627)  (4875,1658)  (4706,1514)  (4706,1466)  (4754,1441)  (4688,1418)  (4828,1562) 
81  (3824,140)  (3880,56)  (3928,48)  (3776,143)  (3872,104) 
82  (5192,214)  (5192,166)  (5280,215)  (5240,119)  (5288,119)  (5288,167)  (5144,246)  (5144,198)  (5245,71)  (5336,87)  (5336,135)  (5336,183)  (5096,246)  (5240,167) 
83  (5086,412)  (5086,364)  (5181,413)  (5134,317)  (5182,317)  (5182,365)  (5084,316)  (5133,460)  (5085,460)  (5038,412)  (5038,364)  (5229,413)  (5037,460)  (5230,284)  (5230,332)  (5036,316)  (4990,407)  (4988,359)  (4988,311)  (5134,365) 
84  (5183,609)  (5183,561)  (5278,610)  (5231,514)  (5279,514)  (5279,562)  (5181,513)  (5230,657)  (5182,657)  (5135,609)  (5135,561)  (5326,610)  (5326,658)  (5278,658)  (5134,658)  (5327,509)  (5327,557)  (5133,513)  (5087,562)  (5085,514)  (5231,562) 
Hermopolis  (3424,2036)  (3424,1988)  (3520,1970)  (3520,2018)  (3376,2036)  (3328,2036)  (3568,2034)  (3472,2008) 
Dodona  (2887,1006)  (2926,916)  (2974,916)  (2983,964)  (2935,1012)  (2970,868)  (2878,958)  (2935,964) 
85  (5269,867)  (5269,795)  (5344,868)  (5317,772)  (5243,747)  (5195,770)  (5317,820) 
86  (5266,1105)  (5266,1057)  (5344,1106)  (5314,1010)  (5264,1009)  (5344,1154)  (5312,962)  (5314,1058) 
87  (5096,2007)  (5096,1959)  (5191,2018)  (5192,1941)  (5099,1911)  (5048,1968)  (5239,2028)  (5144,1970) 
88  (3758,1958)  (3733,1910)  (3787,2006) 
Armavira  (4666,457)  (4666,409)  (4761,458)  (4714,362)  (4762,362)  (4664,361)  (4713,505)  (4665,505)  (4762,506)  (4617,506)  (4712,314)  (4760,314)  (4616,397)  (4616,349)  (4664,313)  (4604,301)  (4556,333)  (4556,285)  (4540,237)  (4508,316)  (4714,410) 
Gazaca  (4801,1103)  (4801,1055)  (4896,1108)  (4849,1012)  (4897,1012)  (4897,1060)  (4795,1007)  (4830,1151)  (4944,1108)  (4843,964)  (4891,964)  (4939,964)  (4945,1012)  (4945,1060)  (4747,994)  (4795,959)  (4734,946)  (4993,999)  (4993,1047)  (4686,921)  (4734,898)  (4675,873)  (4653,825)  (4629,777)  (4633,729)  (4849,1060) 
Tibiscum  (2882,264)  (2882,216)  (2978,200)  (2978,248)  (2834,252)  (3026,198)  (3026,246)  (3074,200)  (3074,248)  (3122,198)  (2930,220) 
Ninive  (4700,1243)  (4795,1310)  (4747,1310)  (4748,1214)  (4796,1214)  (4796,1262)  (4682,1195)  (4843,1310)  (4843,1358)  (4795,1358)  (4730,1166)  (4844,1252)  (4663,1147)  (4891,1323)  (4891,1371)  (4843,1406)  (4711,1118)  (4620,1099)  (4748,1262) 
Arretium  (1994,644)  (2089,713)  (2041,713)  (2042,617)  (2090,665)  (1972,596)  (1924,579)  (2042,665) 
Nexuana  (4834,832)  (4834,784)  (4929,833)  (4882,737)  (4930,737)  (4930,785)  (4832,736)  (4881,880)  (4833,880)  (4786,832)  (4977,833)  (4977,881)  (4929,881)  (4880,689)  (4928,689)  (4978,782)  (4828,688)  (5025,855)  (4844,640)  (4882,785) 
Stabula  (1561,63)  (1561,15)  (1656,64)  (1657,-16)  (1606,111)  (1558,111)  (1609,16) 
Theveste  (1366,1780)  (1366,1732)  (1462,1713)  (1462,1761)  (1356,1684)  (1318,1780)  (1510,1712)  (1414,1741) 
Nemausus  (1462,393)  (1462,345)  (1557,394)  (1510,298)  (1558,303)  (1460,297)  (1486,441)  (1605,351)  (1605,399)  (1412,307)  (1438,445)  (1510,346) 
Cartenna  (824,1479)  (824,1431)  (919,1480)  (872,1384)  (920,1384)  (920,1432)  (822,1383)  (871,1527)  (823,1527)  (776,1479)  (776,1431)  (967,1480)  (967,1528)  (919,1528)  (775,1528)  (910,1336)  (958,1336)  (968,1384)  (968,1432)  (774,1383)  (871,1575)  (823,1575)  (775,1576)  (872,1432) 
Berenice  (2654,2005)  (2654,1957)  (2749,2006)  (2702,1910)  (2750,1910)  (2750,1958)  (2652,1909)  (2606,2036)  (2606,1988)  (2798,1885)  (2798,1933)  (2604,1940)  (2558,2036)  (2558,1988)  (2702,1958) 
Amida  (4519,979)  (4519,931)  (4614,980)  (4567,884)  (4615,884)  (4615,932)  (4517,883)  (4566,1027)  (4471,996)  (4471,948)  (4662,995)  (4614,1028)  (4565,836)  (4484,835)  (4710,1036)  (4567,932) 
Pompaelo  (662,510)  (662,462)  (758,452)  (758,500)  (614,531)  (614,483)  (806,454)  (806,502)  (566,548)  (710,481) 
Thapsus  (1745,1513)  (1745,1465)  (1830,1514)  (1793,1418)  (1841,1418)  (1841,1466)  (1782,1561)  (1734,1561)  (1697,1513)  (1697,1465)  (1889,1404)  (1686,1572)  (1790,1609)  (1742,1609)  (1694,1620)  (1786,1657)  (1793,1466) 
Ctesiphon  (4942,1495)  (4942,1447)  (5001,1496)  (4990,1400)  (5038,1400)  (5038,1448)  (4952,1352)  (5000,1352)  (5048,1352)  (5086,1400)  (5086,1448)  (5096,1324)  (4940,1304)  (4988,1304)  (5036,1304)  (5084,1276)  (4920,1256)  (4968,1256)  (5016,1256)  (4882,1208)  (4930,1208)  (4978,1208)  (5026,1208)  (4995,1160)  (4990,1448) 
Ariminum  (2077,571)  (2161,652)  (2125,556)  (2173,567)  (2043,523)  (2209,615)  (1995,538)  (2125,604) 
Veldidena  (2063,162)  (2063,114)  (2158,167)  (2159,79)  (2015,163)  (2015,115)  (2206,127)  (2206,175)  (1967,131)  (2254,167)  (1919,114)  (2111,119) 
Oea  (2203,1906)  (2203,1858)  (2298,1907)  (2251,1811)  (2299,1811)  (2299,1859)  (2201,1810)  (2250,1954)  (2202,1954)  (2322,1955)  (2249,1763)  (2347,1822)  (2200,1762)  (2274,2002)  (2226,2002)  (2178,2002)  (2248,1715)  (2251,1859) 
Athens  (3189,1214)  (3131,1118)  (3157,1166)  (3194,1120) 
Toletum  (650,849)  (650,801)  (745,850)  (698,754)  (746,759)  (648,753)  (602,855)  (602,807)  (793,807)  (600,759)  (552,764)  (698,802) 
Sanina  (5157,911)  (5065,815)  (5113,815)  (5158,863)  (5205,911)  (5205,959)  (5032,767)  (5080,767)  (5128,767)  (5206,840)  (5194,1007)  (5006,719)  (5054,719)  (5102,719)  (5110,863) 
Zama  (1427,1617)  (1427,1569)  (1522,1618)  (1475,1522)  (1523,1522)  (1523,1570)  (1425,1521)  (1474,1665)  (1379,1608)  (1570,1618)  (1533,1666)  (1473,1474)  (1521,1474)  (1569,1474)  (1571,1522)  (1571,1570)  (1424,1473)  (1617,1430)  (1618,1618)  (1483,1426)  (1531,1426)  (1619,1478)  (1619,1526)  (1475,1570) 
Tarentum  (2540,976)  (2540,928)  (2635,1001)  (2636,939)  (2492,893)  (2683,1004)  (2708,1052)  (2588,953) 
Satala  (4373,759)  (4373,711)  (4468,760)  (4469,681)  (4420,807)  (4325,743)  (4325,695)  (4516,729)  (4277,687)  (4564,699)  (4564,747)  (4421,712) 
Melitene  (4264,872)  (4264,824)  (4359,890)  (4245,776)  (4311,920)  (4216,824)  (4407,875)  (4400,938)  (4197,776)  (4197,728)  (4352,968)  (4312,842) 
Melita  (2092,1480) 
Philippopolis  (3071,742)  (3071,694)  (3135,743)  (3167,657)  (3183,705)  (3023,710)  (3215,641)  (3119,695) 
Salonae  (2636,646)  (2636,598)  (2731,668)  (2684,572)  (2732,572)  (2732,620)  (2683,694)  (2779,668)  (2780,594)  (2684,620) 
Sabrata  (2035,1773)  (2035,1725)  (2130,1774)  (2083,1678)  (2131,1678)  (2131,1726)  (2179,1683)  (2083,1726) 
Olbia  (3499,102)  (3499,54)  (3547,7)  (3497,6)  (3449,24)  (3547,103)  (3595,69)  (3547,55) 
Croton  (2492,1139)  (2570,1208)  (2522,1208)  (2479,1091)  (2519,1256)  (2527,1050)  (2483,1304)  (2540,1160) 
Salamis  (3772,1347)  (3772,1299)  (3835,1348)  (3868,1259)  (3820,1300) 
Cyropolis  (5089,1204)  (5089,1156)  (5184,1219)  (5137,1123)  (5185,1130)  (5073,1108)  (5232,1178)  (5232,1226)  (5121,1075)  (5169,1075)  (5059,1060)  (5280,1184)  (5280,1232)  (5107,1027)  (5054,1012)  (5328,1208)  (5328,1256)  (5102,979)  (5037,964)  (5085,931)  (5137,1171) 
Thamea  (4333,2026)  (4333,1978)  (4428,2027)  (4381,1931)  (4429,1931)  (4429,1979)  (4331,1930)  (4476,2027)  (4379,1883)  (4427,1883)  (4475,1883)  (4477,1931)  (4477,1979)  (4328,1882)  (4376,1835)  (4424,1835)  (4472,1835)  (4328,1822)  (4279,1787)  (4376,1787)  (4424,1787)  (4327,1774)  (4375,1739)  (4303,1726)  (4381,1979) 
Sardis  (3487,1072)  (3487,1024)  (3537,977)  (3583,1025)  (3585,975)  (3465,1120)  (3439,1072)  (3439,1024)  (3631,1023)  (3391,1050)  (3391,1002)  (3679,990)  (3727,986)  (3535,1025) 
Igilgili  (1142,1453)  (1142,1405)  (1237,1454)  (1190,1358)  (1238,1358)  (1238,1406)  (1140,1357)  (1189,1501)  (1141,1501)  (1094,1453)  (1094,1405)  (1285,1454)  (1285,1502)  (1237,1502)  (1093,1502)  (1188,1310)  (1236,1310)  (1284,1310)  (1286,1358)  (1286,1406)  (1092,1357)  (1092,1309)  (1140,1309)  (1046,1454)  (1046,1406)  (1333,1454)  (1333,1502)  (1045,1545)  (1267,1262)  (1044,1358)  (1044,1310)  (1190,1406) 
Sinope  (3949,643)  (3950,573)  (3997,621)  (4045,599)  (4045,647)  (4093,603)  (4093,651)  (4141,578)  (4141,626)  (3902,595) 
Vindonissa  (1708,219)  (1708,171)  (1803,220)  (1756,124)  (1804,124)  (1804,172)  (1706,123)  (1676,267)  (1660,219)  (1660,171)  (1852,99)  (1852,147)  (1852,195)  (1628,280)  (1612,232)  (1900,169)  (1756,172) 
Odessus  (3315,649)  (3267,649)  (3261,553)  (3309,553)  (3343,601)  (3254,697)  (3295,601) 
Verona  (1918,299)  (1979,358)  (1931,358)  (1966,262)  (2014,262)  (2014,310)  (1894,251)  (1988,406)  (1996,214)  (2044,214)  (2062,262)  (1966,310) 
Lucus Augusti  (437,592)  (437,544)  (532,614)  (485,518)  (533,497)  (496,449)  (544,449)  (553,401)  (485,566) 
Thessalonica  (3101,861)  (3153,884)  (3165,788)  (3213,772)  (3053,877)  (3197,836)  (3149,836) 
Tyras  (3367,135)  (3456,196)  (3408,196)  (3415,100)  (3353,87)  (3401,52)  (3305,55)  (3353,39)  (3273,7)  (3257,55)  (3321,-9)  (3369,-9)  (3225,7)  (3177,26)  (3415,148) 
Tolosa  (1060,520)  (1155,521)  (1111,425)  (1156,473)  (1159,422)  (1012,549)  (1134,569)  (1207,439)  (1108,473) 
Majar  (4456,177)  (4456,129)  (4551,178)  (4504,82)  (4552,82)  (4552,130)  (4454,81)  (4408,164)  (4599,178)  (4502,34)  (4550,34)  (4600,59)  (4600,107)  (4406,116)  (4406,68)  (4454,33)  (4647,155)  (4647,203)  (4502,-14)  (4550,-14)  (4648,63)  (4420,-15)  (4695,113)  (4504,130) 
Memphis  (3580,1889)  (3675,1942)  (3627,1942)  (3628,1846)  (3676,1846)  (3676,1894)  (3575,1841)  (3711,1990)  (3663,1990)  (3615,1990)  (3623,1798)  (3543,1793)  (3628,1894) 
Sparta  (3046,1341)  (3113,1342)  (3142,1251)  (3007,1293)  (3094,1294) 
Larissa  (3098,1061)  (3038,965)  (3086,965)  (3116,1013)  (3068,1013) 
Singidinum  (2719,405)  (2719,357)  (2793,406)  (2767,310)  (2815,310)  (2815,358)  (2717,309)  (2749,261)  (2767,358) 
Genua  (1793,465)  (1889,430)  (1891,478)  (1745,507)  (1745,459)  (1939,455)  (1939,503)  (1841,437) 
Paliurus  (2936,1834)  (2936,1786)  (3031,1835)  (2984,1739)  (3032,1744)  (2888,1867)  (2888,1819)  (2984,1787) 
Lilybaeum  (2077,1284)  (2077,1236)  (2172,1322)  (2125,1226)  (2173,1232)  (2029,1235)  (2125,1274) 
Vindobona  (2512,133)  (2512,85)  (2607,134)  (2560,38)  (2608,38)  (2608,86)  (2559,181)  (2511,181)  (2464,133)  (2619,182)  (2521,-10)  (2569,-10)  (2617,-10)  (2656,38)  (2656,86)  (2665,-16)  (2571,229)  (2704,53)  (2560,86) 
Olisipo  (70,796)  (165,799)  (122,703)  (166,751)  (170,699)  (107,844)  (122,655)  (118,751) 
Aemona  (2300,285)  (2300,237)  (2395,316)  (2348,220)  (2396,220)  (2396,268)  (2347,333)  (2443,316)  (2444,230)  (2348,268) 
Brigantium  (253,472)  (253,424)  (348,473)  (301,377)  (349,377)  (349,425)  (251,376)  (205,471)  (299,329)  (347,329)  (397,365)  (397,413)  (397,461)  (203,423)  (229,328)  (445,380)  (445,428)  (493,366)  (301,425) 
Axiopolis  (3182,470)  (3182,422)  (3230,385)  (3278,385)  (3278,433)  (3190,337)  (3238,337)  (3286,337)  (3230,433) 
Sirmium  (2557,420)  (2557,372)  (2641,421)  (2605,325)  (2555,324)  (2653,324)  (2509,376)  (2669,469)  (2621,469)  (2686,517)  (2605,373) 
Damascus  (4199,1543)  (4199,1495)  (4280,1544)  (4247,1448)  (4295,1448)  (4295,1496)  (4197,1447)  (4232,1591)  (4184,1591)  (4245,1400)  (4136,1601)  (4247,1496) 
Sardica  (2818,551)  (2818,503)  (2913,556)  (2866,460)  (2914,460)  (2914,508)  (2818,455)  (2770,526)  (2961,556)  (2962,441)  (2866,508) 
Hatra  (4559,1332)  (4559,1284)  (4654,1348)  (4607,1252)  (4655,1267)  (4542,1236)  (4511,1341)  (4511,1293)  (4702,1346)  (4590,1204)  (4494,1245)  (4494,1197)  (4542,1188)  (4590,1156)  (4500,1140)  (4548,1108)  (4607,1300) 
Sidon  (4078,1506)  (4078,1458)  (4126,1411)  (4082,1363)  (4130,1363)  (4126,1507)  (4126,1459) 
Edessa  (4369,1164)  (4369,1116)  (4449,1174)  (4417,1078)  (4465,1078)  (4358,1068)  (4321,1136)  (4417,1126) 
Persepolis  (5233,1867)  (5233,1819)  (5328,1868)  (5281,1772)  (5329,1772)  (5329,1820)  (5231,1771)  (5280,1915)  (5185,1886)  (5185,1838)  (5344,1916)  (5183,1790)  (5183,1742)  (5296,1963)  (5137,1851)  (5344,1964)  (5135,1803)  (5135,1755)  (5344,2012)  (5087,1744)  (5281,1820) 
Palma  (1198,969)  (1150,980) 
Gerrha  (4640,2036)  (4640,1988)  (4736,1990)  (4615,1940)  (4592,2036)  (4592,1988)  (4784,2013)  (4567,1940)  (4567,1892)  (4544,2036)  (4544,1988)  (4832,2029)  (4688,2012) 
Leptis Magna  (2377,1954)  (2472,1955)  (2402,1859)  (2450,1859)  (2473,1907)  (2424,2002)  (2376,2002)  (2507,2003)  (2521,1875)  (2425,1907) 
Siwa  (2933,2035)  (2933,1987)  (3028,2036)  (2981,1940)  (3029,1940)  (3029,1988)  (2931,1939)  (2885,2036)  (2885,1988)  (2883,1940)  (2981,1988) 
Carthago Nova  (677,1134)  (677,1086)  (772,1165)  (725,1069)  (773,1073)  (657,1038)  (725,1117) 
Tingis  (340,1516)  (340,1468)  (435,1517)  (436,1431)  (338,1420)  (292,1539)  (292,1491)  (483,1479)  (290,1443)  (319,1372)  (531,1448)  (388,1469) 
Cesaraugusta  (854,700)  (854,652)  (936,701)  (902,605)  (950,605)  (950,653)  (852,604)  (870,748)  (822,748)  (900,557)  (998,602)  (998,650)  (902,653) 
Cyrene  (2726,1785)  (2726,1737)  (2821,1786)  (2774,1690)  (2822,1690)  (2822,1738)  (2724,1689)  (2773,1833)  (2725,1833)  (2678,1785)  (2678,1737)  (2677,1834)  (2870,1656)  (2870,1704)  (2774,1738) 
Volubilis  (518,1780)  (518,1732)  (593,1696)  (614,1744)  (641,1678)  (470,1780)  (662,1726)  (662,1774)  (422,1780)  (566,1744) 
Auzia  (835,1740)  (835,1692)  (930,1741)  (883,1645)  (931,1645)  (931,1693)  (833,1644)  (787,1780)  (787,1732)  (978,1741)  (979,1602)  (979,1650)  (785,1684)  (739,1780)  (739,1732)  (1026,1698)  (1026,1746)  (1027,1593)  (1027,1641)  (737,1684)  (883,1693) 
Narbo  (1261,585)  (1261,537)  (1313,586)  (1309,490)  (1357,490)  (1357,538)  (1259,489)  (1265,633)  (1213,619)  (1213,571)  (1405,515)  (1309,538) 
Sinda  (4007,189)  (4007,141)  (4084,101)  (4103,149)  (3998,93)  (4132,72)  (3959,187)  (4151,120)  (4151,168)  (4180,49)  (4199,97)  (4199,145)  (4247,78)  (4247,126)  (4247,174)  (4295,94)  (4295,142)  (4055,149) 
Albana  (4834,517)  (4834,469)  (4929,518)  (4882,422)  (4930,422)  (4930,470)  (4832,421)  (4881,565)  (4977,518)  (4977,566)  (4929,566)  (4880,374)  (4813,373)  (5025,565)  (5025,613)  (4977,614)  (4929,614)  (4861,326)  (4810,325)  (4909,313)  (5009,662)  (4858,278)  (4806,277)  (4758,250)  (4806,229)  (4727,202)  (4775,181)  (4823,181)  (4882,470) 
Siga  (598,1570)  (598,1522)  (693,1571)  (646,1475)  (694,1475)  (694,1523)  (596,1474)  (645,1618)  (597,1618)  (550,1570)  (549,1619)  (684,1427)  (502,1571)  (527,1667)  (501,1619)  (729,1379)  (479,1685)  (453,1637)  (453,1589)  (431,1710)  (646,1523) 
Cirta  (1139,1717)  (1139,1669)  (1234,1718)  (1187,1622)  (1235,1622)  (1235,1670)  (1137,1621)  (1186,1765)  (1138,1765)  (1091,1717)  (1091,1669)  (1282,1718)  (1271,1766)  (1090,1766)  (1283,1589)  (1283,1637)  (1331,1581)  (1187,1670) 
Emerita Augusta  (167,952)  (167,904)  (253,953)  (263,894)  (119,955)  (119,907)  (71,886)  (215,905) 
Petra  (4036,1924)  (4036,1876)  (4084,1829)  (4132,1829)  (4132,1877)  (4034,1828)  (4180,1814)  (4180,1862)  (4207,1910)  (4228,1819)  (4255,1867)  (4084,1877) 
Pityus  (4181,267)  (4229,227)  (4277,227)  (4277,275)  (4300,323)  (4133,240)  (4325,211)  (4325,259)  (4348,307)  (4373,205)  (4373,253)  (4396,301)  (4421,230)  (4444,278)  (4229,275) 
